<svg
   xmlns:dc="http://purl.org/dc/elements/1.1/"
   xmlns:cc="http://creativecommons.org/ns#"
   xmlns:rdf="http://www.w3.org/1999/02/22-rdf-syntax-ns#"
   xmlns:svg="http://www.w3.org/2000/svg"
   xmlns="http://www.w3.org/2000/svg"
   version="1.1"
   width="40"
   height="40"
   id="svg2">
  <metadata
     id="metadata13">
    <rdf:RDF>
      <cc:Work
         rdf:about="">
        <dc:format>image/svg+xml</dc:format>
        <dc:type
           rdf:resource="http://purl.org/dc/dcmitype/StillImage" />
        <dc:title></dc:title>
      </cc:Work>
    </rdf:RDF>
  </metadata>
  <defs
     id="defs4" />
  <path
     d="m 10,13 0,26 20,0 0,-26 z"
     id="path4466"
     style="fill:#ffffff;stroke:none" />
  <path
     d="m 17,18 0,3 3,0 0,-3 z m 6,0 0,3 3,0 0,-3 z m -5,5 0,2 -1,0 0,1 -3,0 0,-1 -2,0 0,4 2,0 0,2 1,0 0,-3 3,0 0,-2 6,0 0,-1 -4,0 0,-2 z m 6,2 1,0 0,-2 -1,0 z m 1,0 0,1 -1,0 0,2 -6,0 0,1 7,0 0,-1 1,0 0,-3 z m 1,3 0,3 -1,0 0,1 -2,0 0,2 -3,0 0,-2 -3,0 0,-1 -2,0 0,6 2,0 0,1 8,0 0,-1 1,0 0,-3 2,0 0,-5 1,0 0,-4 -1,0 0,3 z"
     id="path3838"
     style="fill:#d7d7d7;stroke:none" />
  <path
     d="m 15,3 0,2 -3,0 0,3 -2,0 0,3 -1,0 0,1 1,0 0,9 2,0 0,-4 2,0 0,-5 8,0 0,2 6,0 0,3 1,0 0,6 2,0 0,-14 -2,0 0,-1 -1,0 0,-2 -2,0 0,-1 -1,0 0,-2 z m 2,15 0,1.5 3,0 0,-1.5 z m 6,8 0,2 2,0 0,-2 z m -3,8 0,1 1,0 0,-1 z m -3,3 0,1 3,0 0,-1 z m 6,0 0,1 2,0 0,-1 z"
     id="path3859"
     style="fill:#b4b4b4;stroke:none" />
  <path
     d="m 17,3 0,2 -3,0 0,3 -4,0 0,10 2,0 0,-3 2,0 0,-4 9,0 0,1 5,0 0,2 1,0 0,4 2,0 0,-7 -2,0 0,-3 -1,0 0,-2 -2,0 0,-1 -3,0 0,-2 -3,0 z m 12,18 0,2 0,5 -1,0 0,1 0,3 -2,0 0,2 0,1 -1,0 0,2 0,1 7,0 6,-6 1,-5 0,-3 -2,0 0,-1 -6,0 0,-2 z m -20,2 0,2 -3,0 0,1 -3,0 -1,0 0,2 0,4 6,6 9,0 0,-1 0,-2 -2,0 0,-4 -1,0 0,-2 0,-2 -2,0 0,-2 0,-1 0,-1 z"
     id="path3924"
     style="fill:#7d7d7d;stroke:none" />
  <path
     d="m 20,3 0,2 -6,0 0,1 -2,0 0,2 2,0 3,0 0,1 11,0 0,-1 -2,0 0,-2 -1,0 0,-1 -3,0 0,-2 z"
     id="path4065"
     style="fill:#004050;stroke:none" />
  <path
     d="m 14,5 0,3 6,0 0,1 2,0 0,2 6,0 0,-2 -2,0 0,-3 -1,0 0,-1 z m 14,6 0,1 1,0 0,-1 z m -14,-2 0,2 2,0 0,-2 z m -4,2 0,3 2,0 0,-3 z m 1,12 0,2 1,0 0,-2 z m -5,2 0,1 2,0 0,-1 z m 31,0 0,2 2,0 0,-2 z m -23,6 0,1 1,0 0,-1 z"
     id="path3984"
     style="fill:#483210;stroke:none" />
  <path
     d="m 0,28 0,5 2,0 0,3 2,0 0,2 3,0 0,2 25.9918,0 L 33,38 36.000026,38 36,36 38.000026,36 38,33 l 2,0 2.6e-5,-6 -3,0 0,-4 -5,0 0,-1 -1,0 0,1 -2,0 0,6 -1,0 0,5 -2,0 0,3 -1,0 0,1 -8,0 0,-1 -2,0 0,-5 -1,0 0,-3 -2,0 0,-4 -4,0 0,1 -5,0 0,2 -1,0 0,0 z m 17,-22 0,2 3,0 0,1 6,0 0,-1 -2,0 0,-2 z m -7,5 0,1 2,0 0,-1 z"
     id="rect3053"
     style="fill:#0a0a0a;stroke:none" />
</svg>
